1000000000000000
1000000000000000
1000000000000000
1000000000000000
1000000000000000
1000000000000000
1000000000000000
1000000000000000
1000000000000000
1000000000000000
1000000000000000
1000000000000000
1000000000000000
1000000000000000
1000000000000000
1000000000000000
1000110000000000
1000110000000000
1000110000000000
0000111111111100
0000111111111100
0000111111111100
0000110000000000
0000110000000000
0000110000000000
0000000000000000
0000111111111100
0000111111111100
0000111111111100
0000110011001100
0000110011001100
0000110011001100
0000110011001100
0000110000001100
0000000000000000
0000011100000100
0000111110001100
0000111111001110
0001110111001110
0001110011001110
1001110011111110
1000110011111100
1000100001111000
1000000000000000
1000110000000000
1000110000000000
1000110000000000
1000111111111100
1000111111111100
1000110000000000
1000110000000000
1000110000000000
1000110000000000
1000000000000000
1000000000000000
1000000000000000
1000000000000000
1000000000000000
1000000000000000
1000000000000000
1000000000000000
1000000000000000
1000000000000000
1000000000000000
1000000000000000
1000000000000000
1000000000000000
1000000000000000
1000000000000000
1000000000000000
1000000000000000
1000000000000000
1000000000000000
1000000000000000
1000000000000000
1000000000000000
1000000000000000
1000000000000000
1000000000000000
0000000000000000
0000000000000000
0000000000000000
0000000000000000
0000000000000000
0000000000000000
0000000000000000
0000000000000000
0000000000000000
0000000000000000
0000000000000000
0000000000000000
0000000000000000
0000000000000000
0000000000000000
0000000000000000
0000000000000000
0000000000000000
1111111111111111
1111111111111111
1111111111111111
1111111111111111
1111111111111111
1111111111111111
1111111111111111
1111111111111111
1111111111111111
1111111111111111
1111111111111111
1111111111111111
1111111111111111
1111111111111111